# Number of parameters = 186  Objective function value = -742.408  Maximum gradient component = 5.58543e-05
# theta[1]:
6.80031736831
# theta[2]:
0.760226800604
# theta[3]:
-0.437734643099
# theta[4]:
6.58233751611
# theta[5]:
6.02563762716
# theta[6]:
0.430676881082
# theta[7]:
1.05928000960
# sel_par[1]:
 0.976008542763 -1.49033131098
# sel_par[2]:
 1.10515425572 -1.14418174896
# sel_par[3]:
 1.55979458303 -0.805230623032
# sel_par[4]:
 0.720275847948 -2.99573227355
# sel_par[5]:
 0.720275847948 -2.99573227355
# log_ft_pars:
 -1.00001207136 -0.383431757163 -7.53694242509 -0.382710204551 -1.93260930719 -1.08237459762 -3.24236912226 -4.84870059755 0.0708452332419 0.439837166613 0.0182791935116 -0.774024295357 -0.955678322785 -0.966093455299 -0.882218858530 -0.512380069190 -0.00689263567613 -11.9294996345 -8.25719556242 -3.57591534440 -6.99223304509 -10.8339019586 -10.5628955953 -11.3450116851 -11.5658630834 -11.5297119680 -9.96501860547 -11.2088632901 -2.43743912905 -1.67338612226 -2.05167674496 -2.00320798300 -1.72591285127 -1.80544396924 -2.85587690477 -2.12268440516 -3.93498240233 -2.91134480798 -3.42076772599 -2.19679712561 -2.15395006395 -5.92499839962 -6.05910196788 -1.83719322602 -2.51413803835 -2.38786897454 -2.45923737050 -2.50131806803 -3.38335973749 -2.90080166423 -2.86800127422 -3.73841155397 -4.45196517121 -2.59544530623 -2.71873641666 -2.86683566365 -3.95946301684 -4.66266912582 -2.85566194676 -2.02948755791 -1.67715333958 -3.28261142272 -2.47152949252 -2.00517113083 -1.41807730976 -1.67295202853 -1.30377698042 -1.82462475834 -3.11488843135 -2.79714109503 -2.65840376929 -2.74602583236 -3.42864206881 -2.72664065800 -3.33994776714 -2.53376208026 -3.43217666062 -3.15761039370 -4.40974572275 -4.35171142522 -3.00327403193 -3.60526221460 -3.85726933479 -3.92068232785 -2.86693583398 -3.04085323657 -2.17146643530
# init_log_rec_devs:
 0.402785776751 1.25367379070 -0.682765396896 -0.421553678360 -0.249805040061 -0.131963348984 -0.0741648136214 -0.0962072956628
# log_rec_devs:
 -0.114481095782 0.0332014239914 0.600202949811 -0.0200145698160 0.281751583814 0.456014862032 0.149802147805 0.571359808950 0.204594956107 -0.165841462472 0.667009334159 -0.0314412826438 0.627350548251 -0.282301349401 -1.02404871802 -0.0745666293269 0.0507590099845 -0.682716503828 0.0818580620403 0.439691994789 0.147078856169 0.0899070152491 0.268350143934 0.571251343139 -0.202570261779 -0.447239337036 0.189726287936 -0.707592496168 0.309078568012 0.0656604801495 -0.330055528989 -0.443106987758 0.105367804964 0.790407859423 0.798061546620 -0.344817929193 1.12541720744 -0.477346295628 -0.284218541814 -0.637771404746 0.420610263286 0.0770175996225 -0.0622995213334 -0.672311359049 -0.300927854065 1.20050903817 0.225108115967 -0.342717161686 -0.239198044469 0.139135328222 0.422968725785 0.429075853887 -0.257568803359 -0.0302646683248 -0.293245349509 0.134027899515 -0.739278057733 -0.167017005678 -0.810517826599 0.109251924239 -1.24257224070 -1.04213729120 -0.00928087361831 -0.155203774387 0.836557661351 0.0165039051505
# log_m_nodes:
 0.0333535986426 -0.0790686746905 0.147384542842 -0.143475977306 -0.0481161742908 0.157352478882 -0.118832703142 0.0715642586784 0.0331790399054 0.0688945649809 -0.112259100484 0.146114805622
